80.699997 24.900000 -> 82.500000 21.000000 = 4.295347
82.500000 21.000000 -> 79.099998 16.900000 = 5.326351
79.099998 16.900000 -> 79.900002 12.700000 = 4.275512
79.900002 12.700000 -> 78.800003 11.700000 = 1.486606
78.800003 11.700000 -> 77.599998 12.400000 = 1.389248
77.599998 12.400000 -> 82.400002 13.200000 = 4.866213
82.400002 13.200000 -> 74.500000 17.500000 = 8.994444
74.500000 17.500000 -> 70.900002 15.700000 = 4.024921
70.900002 15.700000 -> 67.900002 15.200000 = 3.041381
67.900002 15.200000 -> 67.599998 10.800000 = 4.410215
67.599998 10.800000 -> 66.099998 4.500000 = 6.476110
66.099998 4.500000 -> 63.500000 1.300000 = 4.123105
63.500000 1.300000 -> 59.400002 0.800000 = 4.130374
59.400002 0.800000 -> 54.900002 2.400000 = 4.775982
54.900002 2.400000 -> 53.099998 1.400000 = 2.059129
53.099998 1.400000 -> 49.200001 4.200000 = 4.801040
49.200001 4.200000 -> 47.599998 4.600000 = 1.649245
47.599998 4.600000 -> 47.299999 10.300000 = 5.707890
47.299999 10.300000 -> 43.799999 14.400000 = 5.390732
43.799999 14.400000 -> 44.000000 16.500000 = 2.109503
44.000000 16.500000 -> 41.500000 19.200001 = 3.679675
41.500000 19.200001 -> 38.500000 21.700001 = 3.905125
38.500000 21.700001 -> 35.799999 20.000000 = 3.190612
35.799999 20.000000 -> 32.400002 19.500000 = 3.436566
32.400002 19.500000 -> 30.500000 17.600000 = 2.687006
30.500000 17.600000 -> 30.299999 16.900000 = 0.728012
30.299999 16.900000 -> 30.700001 14.100000 = 2.828427
30.700001 14.100000 -> 25.299999 18.900000 = 7.224957
25.299999 18.900000 -> 20.900000 12.900000 = 7.440430
20.900000 12.900000 -> 18.799999 12.300000 = 2.184033
18.799999 12.300000 -> 15.500000 13.300000 = 3.448187
15.500000 13.300000 -> 11.300000 11.400000 = 4.609772
11.300000 11.400000 -> 11.500000 9.400000 = 2.009975
11.500000 9.400000 -> 2.800000 2.900000 = 10.860018
2.800000 2.900000 -> 4.200000 1.100000 = 2.280351
4.200000 1.100000 -> 12.400000 19.600000 = 20.235859
12.400000 19.600000 -> 12.000000 24.000000 = 4.418144
12.000000 24.000000 -> 10.700000 23.799999 = 1.315295
10.700000 23.799999 -> 9.900000 27.799999 = 4.079216
9.900000 27.799999 -> 9.500000 31.900000 = 4.119466
9.500000 31.900000 -> 10.300000 32.400002 = 0.943399
10.300000 32.400002 -> 13.700000 35.799999 = 4.808324
13.700000 35.799999 -> 12.500000 38.400002 = 2.863566
12.500000 38.400002 -> 14.200000 39.900002 = 2.267157
14.200000 39.900002 -> 17.700001 39.700001 = 3.505711
17.700001 39.700001 -> 15.800000 45.299999 = 5.913543
15.800000 45.299999 -> 12.300000 50.599998 = 6.351377
12.300000 50.599998 -> 11.300000 53.000000 = 2.600001
11.300000 53.000000 -> 6.300000 53.599998 = 5.035871
6.300000 53.599998 -> 6.400000 56.000000 = 2.402084
6.400000 56.000000 -> 3.100000 58.799999 = 4.327817
3.100000 58.799999 -> 0.800000 55.000000 = 4.441846
0.800000 55.000000 -> 0.600000 51.500000 = 3.505710
0.600000 51.500000 -> 13.300000 59.099998 = 14.800337
13.300000 59.099998 -> 10.500000 40.400002 = 18.908461
10.500000 40.400002 -> 16.600000 35.599998 = 7.762089
16.600000 35.599998 -> 19.400000 35.700001 = 2.801785
19.400000 35.700001 -> 22.600000 39.400002 = 4.891831
22.600000 39.400002 -> 24.700001 38.500000 = 2.284733
24.700001 38.500000 -> 22.900000 31.799999 = 6.937580
22.900000 31.799999 -> 24.900000 33.099998 = 2.385372
24.900000 33.099998 -> 24.400000 29.500000 = 3.634555
24.400000 29.500000 -> 21.000000 25.799999 = 5.024938
21.000000 25.799999 -> 20.000000 25.600000 = 1.019804
20.000000 25.600000 -> 17.799999 26.600000 = 2.416610
17.799999 26.600000 -> 5.400000 26.000000 = 12.414508
5.400000 26.000000 -> 5.300000 22.400000 = 3.601389
5.300000 22.400000 -> 0.900000 18.000000 = 6.222539
0.900000 18.000000 -> 0.100000 15.300000 = 2.816025
0.100000 15.300000 -> 3.700000 29.900000 = 15.037287
3.700000 29.900000 -> 1.100000 25.200001 = 5.371218
1.100000 25.200001 -> 22.799999 9.100000 = 27.020363
22.799999 9.100000 -> 23.799999 9.400000 = 1.044030
23.799999 9.400000 -> 20.500000 8.000000 = 3.584689
20.500000 8.000000 -> 23.900000 5.400000 = 4.280187
23.900000 5.400000 -> 28.100000 1.500000 = 5.731493
28.100000 1.500000 -> 32.000000 2.500000 = 4.026164
32.000000 2.500000 -> 33.500000 0.600000 = 2.420744
33.500000 0.600000 -> 40.700001 1.500000 = 7.256033
40.700001 1.500000 -> 45.400002 22.299999 = 21.324398
45.400002 22.299999 -> 48.000000 20.299999 = 3.280243
48.000000 20.299999 -> 51.700001 19.500000 = 3.785499
51.700001 19.500000 -> 55.000000 15.900000 = 4.883646
55.000000 15.900000 -> 55.000000 15.000000 = 0.900000
55.000000 15.000000 -> 56.299999 10.200000 = 4.972927
56.299999 10.200000 -> 53.299999 25.799999 = 15.885842
53.299999 25.799999 -> 51.200001 26.700001 = 2.284731
51.200001 26.700001 -> 55.599998 30.100000 = 5.560574
55.599998 30.100000 -> 41.799999 27.400000 = 14.061649
41.799999 27.400000 -> 39.500000 30.299999 = 3.701350
39.500000 30.299999 -> 37.000000 28.500000 = 3.080584
37.000000 28.500000 -> 39.299999 33.599998 = 5.594639
39.299999 33.599998 -> 40.299999 35.200001 = 1.886798
40.299999 35.200001 -> 44.500000 37.299999 = 4.695743
44.500000 37.299999 -> 50.400002 38.099998 = 5.953991
50.400002 38.099998 -> 54.000000 39.599998 = 3.899998
54.000000 39.599998 -> 59.299999 36.000000 = 6.407026
59.299999 36.000000 -> 62.700001 35.000000 = 3.544010
62.700001 35.000000 -> 63.000000 36.599998 = 1.627880
63.000000 36.599998 -> 66.900002 39.700001 = 4.981970
66.900002 39.700001 -> 64.900002 41.299999 = 2.561249
64.900002 41.299999 -> 62.299999 42.000000 = 2.692585
62.299999 42.000000 -> 65.800003 45.900002 = 5.240232
65.800003 45.900002 -> 68.000000 45.500000 = 2.236065
68.000000 45.500000 -> 66.800003 49.000000 = 3.699999
66.800003 49.000000 -> 64.099998 51.700001 = 3.818380
64.099998 51.700001 -> 62.900002 50.099998 = 2.000000
62.900002 50.099998 -> 62.500000 53.400002 = 3.324157
62.500000 53.400002 -> 59.400002 53.299999 = 3.101611
59.400002 53.299999 -> 55.299999 54.700001 = 4.332438
55.299999 54.700001 -> 54.900002 54.200001 = 0.640311
54.900002 54.200001 -> 55.299999 48.299999 = 5.913545
55.299999 48.299999 -> 55.299999 56.500000 = 8.200001
55.299999 56.500000 -> 55.700001 57.599998 = 1.170469
55.700001 57.599998 -> 56.400002 59.700001 = 2.213597
56.400002 59.700001 -> 57.599998 66.599998 = 7.003568
57.599998 66.599998 -> 64.000000 67.900002 = 6.530699
64.000000 67.900002 -> 64.800003 70.400002 = 2.624882
64.800003 70.400002 -> 69.500000 71.199997 = 4.767595
69.500000 71.199997 -> 71.000000 74.699997 = 3.807887
71.000000 74.699997 -> 72.000000 76.199997 = 1.802776
72.000000 76.199997 -> 69.599998 77.099998 = 2.563203
69.599998 77.099998 -> 69.199997 81.500000 = 4.418146
69.199997 81.500000 -> 72.699997 82.699997 = 3.699999
72.699997 82.699997 -> 76.699997 82.099998 = 4.044750
76.699997 82.099998 -> 75.500000 78.900002 = 3.417598
75.500000 78.900002 -> 80.099998 85.300003 = 7.881624
80.099998 85.300003 -> 78.000000 87.900002 = 3.342153
78.000000 87.900002 -> 82.500000 91.800003 = 5.954831
82.500000 91.800003 -> 89.699997 92.000000 = 7.202774
89.699997 92.000000 -> 91.500000 94.699997 = 3.244995
91.500000 94.699997 -> 90.500000 97.300003 = 2.785683
90.500000 97.300003 -> 95.000000 93.400002 = 5.954831
95.000000 93.400002 -> 98.300003 97.000000 = 4.883647
98.300003 97.000000 -> 80.800003 99.699997 = 17.707060
80.800003 99.699997 -> 65.099998 84.900002 = 21.576145
65.099998 84.900002 -> 67.099998 90.099998 = 5.571352
67.099998 90.099998 -> 69.800003 90.099998 = 2.700005
69.800003 90.099998 -> 73.500000 91.500000 = 3.956006
73.500000 91.500000 -> 70.800003 94.400002 = 3.962322
70.800003 94.400002 -> 65.000000 97.099998 = 6.397657
65.000000 97.099998 -> 62.299999 94.699997 = 3.612480
62.299999 94.699997 -> 59.000000 83.099998 = 12.060264
59.000000 83.099998 -> 57.900002 82.099998 = 1.486606
57.900002 82.099998 -> 55.099998 80.099998 = 3.440933
55.099998 80.099998 -> 55.400002 79.699997 = 0.500003
55.400002 79.699997 -> 61.599998 79.000000 = 6.239388
61.599998 79.000000 -> 59.799999 75.099998 = 4.295347
59.799999 75.099998 -> 53.599998 72.800003 = 6.612865
53.599998 72.800003 -> 51.799999 71.800003 = 2.059125
51.799999 71.800003 -> 48.000000 73.000000 = 3.984970
48.000000 73.000000 -> 48.500000 74.500000 = 1.581139
48.500000 74.500000 -> 41.900002 77.500000 = 7.249826
41.900002 77.500000 -> 36.299999 73.800003 = 6.711930
36.299999 73.800003 -> 35.700001 71.099998 = 2.765867
35.700001 71.099998 -> 37.799999 69.900002 = 2.418674
37.799999 69.900002 -> 42.500000 66.900002 = 5.575841
42.500000 66.900002 -> 41.400002 62.500000 = 4.535418
41.400002 62.500000 -> 41.000000 59.299999 = 3.224904
41.000000 59.299999 -> 35.700001 58.500000 = 5.360036
35.700001 58.500000 -> 36.599998 53.400002 = 5.178801
36.599998 53.400002 -> 31.700001 52.500000 = 4.981966
31.700001 52.500000 -> 27.200001 53.900002 = 4.712749
27.200001 53.900002 -> 26.000000 55.700001 = 2.163331
26.000000 55.700001 -> 25.700001 51.099998 = 4.609775
25.700001 51.099998 -> 44.200001 51.599998 = 18.506756
44.200001 51.599998 -> 46.700001 52.000000 = 2.531798
46.700001 52.000000 -> 44.700001 60.700001 = 8.926926
44.700001 60.700001 -> 32.700001 72.900002 = 17.112570
32.700001 72.900002 -> 28.900000 76.000000 = 4.904080
28.900000 76.000000 -> 24.900000 77.099998 = 4.148493
24.900000 77.099998 -> 24.000000 75.400002 = 1.923535
24.000000 75.400002 -> 21.100000 74.400002 = 3.067572
21.100000 74.400002 -> 20.299999 73.099998 = 1.526437
20.299999 73.099998 -> 19.299999 76.900002 = 3.929379
19.299999 76.900002 -> 17.100000 78.699997 = 2.842530
17.100000 78.699997 -> 22.000000 84.400002 = 7.516651
22.000000 84.400002 -> 22.000000 91.099998 = 6.699997
22.000000 91.099998 -> 22.799999 93.300003 = 2.340944
22.799999 93.300003 -> 24.400000 95.800003 = 2.968165
24.400000 95.800003 -> 25.400000 96.000000 = 1.019803
25.400000 96.000000 -> 29.799999 98.099998 = 4.875448
29.799999 98.099998 -> 31.500000 97.400002 = 1.838477
31.500000 97.400002 -> 30.500000 92.900002 = 4.609772
30.500000 92.900002 -> 29.400000 90.400002 = 2.731300
29.400000 90.400002 -> 31.000000 87.900002 = 2.968165
31.000000 87.900002 -> 30.400000 86.000000 = 1.992487
30.400000 86.000000 -> 33.500000 86.800003 = 3.201563
33.500000 86.800003 -> 34.799999 84.199997 = 2.906893
34.799999 84.199997 -> 35.200001 93.900002 = 9.708249
35.200001 93.900002 -> 39.500000 96.800003 = 5.186521
39.500000 96.800003 -> 41.900002 96.699997 = 2.402084
41.900002 96.699997 -> 40.599998 93.000000 = 3.921732
40.599998 93.000000 -> 38.400002 99.099998 = 6.484594
38.400002 99.099998 -> 16.700001 94.900002 = 22.102715
16.700001 94.900002 -> 14.400000 96.800003 = 2.983289
14.400000 96.800003 -> 10.800000 93.599998 = 4.816640
10.800000 93.599998 -> 9.400000 98.400002 = 5.000003
9.400000 98.400002 -> 6.400000 87.599998 = 11.208928
6.400000 87.599998 -> 4.800000 86.500000 = 1.941648
4.800000 86.500000 -> 3.500000 85.699997 = 1.526435
3.500000 85.699997 -> 1.600000 89.800003 = 4.518855
1.600000 89.800003 -> 0.000000 92.599998 = 3.224899
0.000000 92.599998 -> 0.600000 96.199997 = 3.649656
0.600000 96.199997 -> 1.200000 78.300003 = 17.910048
1.200000 78.300003 -> 3.400000 72.699997 = 6.016649
3.400000 72.699997 -> 4.000000 72.300003 = 0.721107
4.000000 72.300003 -> 0.300000 67.599998 = 5.981642
0.300000 67.599998 -> 7.300000 65.800003 = 7.227723
7.300000 65.800003 -> 9.700000 66.099998 = 2.418676
9.700000 66.099998 -> 8.200000 85.199997 = 19.158808
8.200000 85.199997 -> 9.700000 82.599998 = 3.001665
9.700000 82.599998 -> 24.500000 71.000000 = 18.804255
24.500000 71.000000 -> 23.700001 67.500000 = 3.590264
23.700001 67.500000 -> 23.000000 62.099998 = 5.445183
23.000000 62.099998 -> 58.000000 86.699997 = 42.780369
58.000000 86.699997 -> 58.900002 87.300003 = 1.081670
58.900002 87.300003 -> 54.400002 87.800003 = 4.527693
54.400002 87.800003 -> 53.000000 90.300003 = 2.865311
53.000000 90.300003 -> 50.099998 89.699997 = 2.961421
50.099998 89.699997 -> 49.599998 88.500000 = 1.299997
49.599998 88.500000 -> 50.500000 88.199997 = 0.948686
50.500000 88.199997 -> 56.000000 93.300003 = 7.500671
56.000000 93.300003 -> 69.000000 66.599998 = 29.696638
69.000000 66.599998 -> 72.199997 66.599998 = 3.199997
72.199997 66.599998 -> 72.800003 67.099998 = 0.781030
72.800003 67.099998 -> 76.699997 68.900002 = 4.295342
76.699997 68.900002 -> 78.099998 72.000000 = 3.401469
78.099998 72.000000 -> 81.900002 73.699997 = 4.162933
81.900002 73.699997 -> 81.300003 77.000000 = 3.354105
81.300003 77.000000 -> 86.500000 81.400002 = 6.811753
86.500000 81.400002 -> 86.500000 82.699997 = 1.299995
86.500000 82.699997 -> 87.099998 82.800003 = 0.608276
87.099998 82.800003 -> 93.400002 82.500000 = 6.307142
93.400002 82.500000 -> 76.099998 62.500000 = 26.444094
76.099998 62.500000 -> 81.000000 63.299999 = 4.964878
81.000000 63.299999 -> 81.099998 61.599998 = 1.702939
81.099998 61.599998 -> 84.000000 61.200001 = 2.927457
84.000000 61.200001 -> 84.400002 59.000000 = 2.236069
84.400002 59.000000 -> 83.199997 57.400002 = 2.000001
83.199997 57.400002 -> 79.500000 53.099998 = 5.672742
79.500000 53.099998 -> 75.199997 56.599998 = 5.544369
75.199997 56.599998 -> 73.699997 54.500000 = 2.580696
73.699997 54.500000 -> 71.099998 56.299999 = 3.162276
71.099998 56.299999 -> 87.199997 56.000000 = 16.102793
87.199997 56.000000 -> 90.000000 52.000000 = 4.882624
90.000000 52.000000 -> 94.000000 50.299999 = 4.346263
94.000000 50.299999 -> 96.300003 50.200001 = 2.302176
96.300003 50.200001 -> 98.699997 50.299999 = 2.402076
98.699997 50.299999 -> 95.500000 54.599998 = 5.360035
95.500000 54.599998 -> 85.500000 50.599998 = 10.770329
85.500000 50.599998 -> 84.400002 63.799999 = 13.245754
84.400002 63.799999 -> 87.800003 61.400002 = 4.161730
87.800003 61.400002 -> 89.800003 59.200001 = 2.973214
89.800003 59.200001 -> 92.400002 60.099998 = 2.751361
92.400002 60.099998 -> 91.699997 64.300003 = 4.257939
91.699997 64.300003 -> 89.099998 67.099998 = 3.820990
89.099998 67.099998 -> 92.300003 70.900002 = 4.967902
92.300003 70.900002 -> 96.000000 74.199997 = 4.957817
96.000000 74.199997 -> 99.500000 77.599998 = 4.879550
99.500000 77.599998 -> 96.699997 67.199997 = 10.770332
96.699997 67.199997 -> 97.300003 60.299999 = 6.926036
97.300003 60.299999 -> 63.500000 29.799999 = 45.526806
63.500000 29.799999 -> 35.400002 41.799999 = 30.555031
35.400002 41.799999 -> 40.000000 44.400002 = 5.283938
40.000000 44.400002 -> 45.099998 29.799999 = 15.465123
45.099998 29.799999 -> 72.000000 11.600000 = 32.478455
72.000000 11.600000 -> 74.800003 6.500000 = 5.818077
74.800003 6.500000 -> 73.800003 5.700000 = 1.280625
73.800003 5.700000 -> 72.900002 1.500000 = 4.295346
72.900002 1.500000 -> 81.800003 1.400000 = 8.900563
81.800003 1.400000 -> 71.000000 21.600000 = 22.905897
71.000000 21.600000 -> 66.199997 21.100000 = 4.825974
66.199997 21.100000 -> 63.299999 19.700001 = 3.220246
63.299999 19.700001 -> 60.900002 23.100000 = 4.161729
60.900002 23.100000 -> 74.699997 26.900000 = 14.313625
74.699997 26.900000 -> 74.599998 29.900000 = 3.001666
74.599998 29.900000 -> 77.300003 32.200001 = 3.546834
77.300003 32.200001 -> 81.599998 33.500000 = 4.492211
81.599998 33.500000 -> 80.800003 37.700001 = 4.275512
80.800003 37.700001 -> 81.800003 39.599998 = 2.147089
81.800003 39.599998 -> 87.400002 33.099998 = 8.579626
87.400002 33.099998 -> 87.699997 30.400000 = 2.716614
87.699997 30.400000 -> 93.000000 27.200001 = 6.191124
93.000000 27.200001 -> 95.000000 23.100000 = 4.561798
95.000000 23.100000 -> 92.900002 22.299999 = 2.247220
92.900002 22.299999 -> 91.000000 20.000000 = 2.983287
91.000000 20.000000 -> 90.500000 12.600000 = 7.416873
90.500000 12.600000 -> 93.500000 8.300000 = 5.243091
93.500000 8.300000 -> 97.199997 9.800000 = 3.992490
97.199997 9.800000 -> 97.900002 14.900000 = 5.147815
97.900002 14.900000 -> 99.099998 3.300000 = 11.661902
99.099998 3.300000 -> 94.199997 36.500000 = 33.559647
94.199997 36.500000 -> 96.800003 41.200001 = 5.371223
96.800003 41.200001 -> 97.599998 41.200001 = 0.799995
97.599998 41.200001 -> 97.699997 40.799999 = 0.412312
97.699997 40.799999 -> 71.599998 33.700001 = 27.048473
71.599998 33.700001 -> 74.800003 38.500000 = 5.768884
74.800003 38.500000 -> 76.699997 43.900002 = 5.724508
76.699997 43.900002 -> 80.699997 24.900000 = 19.416489
Total tour: 1791.677368
